w_topo,w_time,w_signal,w_curr,FAR
0.11685345953444794,0.27939475595920704,0.1696492719362419,0.43410251257010307,4.362194430298807
0.19571645637357316,0.1521245466544534,0.49267378266902734,0.1594852143029461,4.402623388437852
0.2532796829639936,0.024671614175837353,0.2976542438176924,0.4243944590424767,3.9866142989961357
0.27433877137794715,0.2342389202501009,0.02384499960822717,0.4675773087637248,4.42906116158518
0.3374677201693837,0.40827258289734436,0.19829374749752807,0.055965949435744,4.25325480366606
0.09536732710161533,0.7006551619055216,0.1487560024201341,0.055221508572729165,5.144870477624986
0.20458268768535418,0.43866978592857114,0.013989491669620267,0.3427580347164544,4.472568360935086
0.06562075803133682,0.3266956261560044,0.5558653239743417,0.05181829183831722,4.7422519491765955
0.5198048668331265,0.10702790958248187,0.35120016621689204,0.02196705736749953,4.556476976779967
0.3654985229923896,0.02997703003719226,0.5080996078780998,0.09642483909231835,4.286611932087067
0.00903988494798631,0.0968630082693042,0.2638244765752288,0.6302726302074806,4.408090302972445
0.8521080751822999,0.07641472539942275,0.03681335017864716,0.03466384923963012,4.977033297716
0.1782043407521281,0.6759962064584426,0.09651305257128787,0.04928640021814161,5.200793486228868
0.3446531122995905,0.23189898093215122,0.09687146161782378,0.32657644515043466,3.996895595097798
0.042603993939944254,0.19904500446133847,0.5151233108599772,0.2432276907387401,4.673996848975716
0.010970530086715547,0.22207492644986046,0.22239505548046798,0.5445594879829561,4.747109414013864
0.4354140682823921,0.011629008819631545,0.11264985895154758,0.4403070639464287,4.57561327626369
0.43168879281849587,0.00707485295942618,0.5565066968702194,0.004729657351858361,4.676530035517709
0.3639492439358967,0.14612601943889558,0.06262277185428072,0.4273019647709269,4.152825456870427
0.06958314651383787,0.1648823979315351,0.4565255207096958,0.30900893484493114,4.4479537643670914
0.2765159598682849,0.10215770446563657,0.5242249826733407,0.09710135299273771,4.258412622327783
0.037355305704666934,0.6198985557475235,0.30743682861558097,0.035309309932228514,5.069545993492119
0.03747779840404974,0.08240779558474433,0.2055118030821667,0.6746026029290393,4.597115579240089
0.18699266549619747,0.2505223231142219,0.42037801735929436,0.14210699403028634,3.981746155265446
0.25389514277046077,0.38140768160734606,0.05381054694552127,0.31088662867667183,4.378323635679687
0.18197024595214323,0.06170453812832379,0.6694029553084088,0.08692226061112421,4.901612269473644
0.6051891757408597,0.0693726717902656,0.2061228571590602,0.1193152953098145,4.0796003702839565
0.4138684698645253,0.1366310267348535,0.22809309753759108,0.22140740586303023,4.52896002978389
0.5907445838881727,0.13745979035044248,0.22650570230970707,0.04528992345167783,4.774581948917658
0.5887762008287731,0.20286538963167292,0.14684566695467502,0.061512742584878786,4.118326186872459
0.11824745778564816,0.47156858153290726,0.12566762325185551,0.28451633742958904,4.3384341444052845
0.42044450790408966,0.12512111279340507,0.18143919345640255,0.27299518584610255,4.276182220581953
0.1440437368985624,0.5052314651464371,0.32816954492830164,0.022555253026698887,4.7936743951864464
0.22290906166868305,0.13890444692304982,0.19327880296203967,0.4449076884462276,4.1938895241935334
0.00434365116015911,0.6411652729337807,0.029452579864122003,0.3250384960419382,5.000535588358656
0.3623078072986767,0.23201330642222276,0.15504999187161517,0.2506288944074854,4.277559352700393
0.11334215711363926,0.21956637636697302,0.08668587126635226,0.5804055952530355,4.568578075769254
0.06736465263872923,0.20616330235698155,0.3520196606080391,0.37445238439625,4.134332212204193
0.005803544279780354,0.33437439941309866,0.635330122387757,0.024491933919363898,4.943196365831195
0.07465388404477111,0.030433215987193694,0.7865778340331975,0.10833506593483765,4.851859468815578
0.3926150873553153,0.12946148983556408,0.25739628996264,0.22052713284648048,4.358283563529566
0.01268738189627931,0.44975400054067544,0.32679525434546186,0.21076336321758332,4.4991275619895275
0.20731643496738272,0.0029187290585613902,0.4410362226303915,0.34872861334366434,4.678214540074109
0.3368205806016774,0.507775524104195,0.016252208114728793,0.13915168717939874,4.421289533768501
0.026962690266217598,0.2022289686275085,0.4153830053791348,0.35542533572713914,4.445035708938125
0.07376077586950404,0.24101103971663462,0.1385494536177276,0.5466787307961337,4.251226444367898
0.4661757219706145,0.12414884954088352,0.27979593973683275,0.12987948875166905,4.346221554386128
0.28128523477810724,0.15541960048870196,0.4410620082721418,0.12223315646104879,4.1874913769291195
0.18916274175831024,0.21918236163792884,0.10229995377837743,0.4893549428253835,4.233997240232487
0.4309657561152289,0.10311567492140657,0.0870894240393544,0.3788291449240101,4.054700805606153
0.05321702846395007,0.2576162320299505,0.295985134791582,0.39318160471451735,4.611273147126697
0.5030930183549795,0.2269322896394288,0.06664563504257599,0.20332905696301576,4.127046258796881
0.2147329610924542,0.22359259390688244,0.5316940072432077,0.029980437757455815,4.705701520022548
0.28835967717553435,0.36785565858306213,0.33205617023919864,0.01172849400220492,4.642281478284798
0.29704511007739953,0.07112984887286383,0.4648198304197488,0.1670052106299878,4.248759677154636
0.5122932835301792,0.280279299944601,0.02305261643413148,0.1843748000910884,4.274767735248125
0.4132551055955898,0.18048016597791144,0.09317667913655338,0.31308804928994527,4.303122757167409
0.5711513005121301,0.05267924942664836,0.29760416400508544,0.07856528605613618,4.375278481198504
0.7830723370894467,0.0909375185604218,0.11614368445359984,0.009846459896531734,4.582715046639607
0.1234421629651972,0.27700550419859377,0.054937304887926995,0.544615027948282,4.054771428819089
0.19168054944523452,0.19360713600998547,0.45273864342857856,0.16197367111620148,4.529068690747382
0.5685474462597969,0.2545880987593015,0.1057895271590288,0.07107492782187272,4.250298412804913
0.4738908534754962,0.199791951864113,0.031040161216271622,0.2952770334441191,4.003998292604747
0.06937708184789443,0.6011790144530761,0.1092224195720927,0.22022148412693676,4.582563474982977
0.2132649202977156,0.06078434007994926,0.6846360410984278,0.04131469852390719,4.862876980244286
0.5180755874561336,0.1348844575567106,0.18524000217451697,0.16179995281263881,4.121338084056566
0.2217879635909302,0.399110116772773,0.061502748562849395,0.3175991710734474,4.442668103864257
0.1231624471025217,0.11737368253014568,0.647941123158511,0.11152274720882166,4.6883577332359465
0.005249303206210307,0.11535053431190745,0.05657892452282515,0.8228212379590572,5.129446368336383
0.25616774795159214,0.508802723368977,0.1780802008458877,0.05694932783354303,4.792841924685969
0.22213519998883804,0.2615309548059551,0.32814355664868083,0.18819028855652603,4.263877940678102
0.0965190430399436,0.20723406533051789,0.5825166342472751,0.11373025738226332,4.6838155166312045
0.19346174497219268,0.3526754717121994,0.14440244114847023,0.3094603421671377,4.37089049161871
0.4612389323711576,0.2561532956082375,0.20007447023346084,0.08253330178714412,4.072688746435457
0.0454165860307726,0.5491084007158009,0.36279452794619355,0.04268048530723315,5.0715510494666445
0.18364513020742318,0.6885117522564417,0.1100576970506317,0.0177854204855034,5.3955125830615005
0.2971873067122583,0.052457815214058706,0.593556953200091,0.05679792487359191,4.242113922745114
0.2569527794904195,0.0972153966902322,0.3428825188266364,0.3029493049927121,4.107391401623529
0.3534912298861201,0.31615297683294796,0.20745231021652916,0.12290348306440288,4.141167604051408
0.0289581964875865,0.23886287245091392,0.37743114324251,0.3547477878189895,4.447211943683161
0.2257017203642401,0.3607576774656611,0.1308188418430598,0.2827217603270389,3.885234664097099
0.22264466458499008,0.6954700880110911,0.048659885330268604,0.03322536207365014,5.11642626634628
0.07931438602899758,0.6000920820845089,0.19457971361336918,0.12601381827312444,4.489218919518309
0.0697638731513133,0.3133667884658093,0.3091121687884708,0.30775716959440647,4.060308624801142
0.30171753370910653,0.3755246441941855,0.22720525533611446,0.09555256676059352,4.3485059310474306
0.1473528399992025,0.05594679363337452,0.0391126434658648,0.7575877229015581,5.623378092967874
0.1023694791379683,0.19018464808184918,0.17186774517051148,0.5355781276096709,4.375925479755724
0.7522794780660972,0.029630527182934997,0.2122465345676582,0.005843460183309635,4.6047925535716265
0.5556960001607494,0.3804331774907426,0.008070289210931931,0.0558005331375761,4.351265706627242
0.3631824041910285,0.005464536869585992,0.6122444843256363,0.01910857461374939,4.859262315097822
0.3844883726886689,0.1552428599192592,0.23276599101796064,0.22750277637411112,4.280976427130845
0.09938802588423551,0.23680307660193223,0.2574957040747577,0.40631319343907446,4.185002328948048
0.4742929288443087,0.449478680596718,0.021589728670033604,0.054638661888939816,4.46434424412665
0.09088158071049886,0.47073703397476485,0.2734898650081722,0.16489152030656404,4.440909446117721
0.10590723824169289,0.7422027008676532,0.024595455343561005,0.12729460554709307,5.19021422623996
0.48902095866604467,0.0016739721141839515,0.21054612445741325,0.29875894476235815,4.1961054258956345
0.4050096685487759,0.18085654146800842,0.18133187214114282,0.2328019178420729,4.264498611645266
0.01366454135724332,0.18898345425984273,0.46070641399254725,0.33664559039036684,4.5203598264784715
0.1787890014210029,0.458636254556372,0.18927714326926642,0.17329760075335865,4.376960336678601
0.12038044277617979,0.3788120221825392,0.42438144341448697,0.07642609162679406,4.33284225403864
0.3573794311764799,0.12374009042489463,0.12021736057293808,0.3986631178256875,4.066427640162633
0.5120170152682664,0.44819364413280854,0.03344105995943109,0.006348280639493915,4.59671893121495
0.7464207811107868,0.06363057108947913,0.08085982260876852,0.10908882519096566,4.31337568362138
0.04901320927421971,0.20813087491285132,0.2229216359106713,0.5199342799022578,4.467415171646696
0.19116058627638585,0.36334228638457483,0.26853463735139976,0.1769624899876395,4.25467328416406
0.18430409962759822,0.04062476627746251,0.34388882346408245,0.4311823106308568,4.065511944612272
0.2805749180674427,0.469349220478942,0.0047238220975178965,0.2453520393560974,4.237915218892076
0.03578406224067258,0.8239211586856828,0.028217213530024234,0.11207756554362051,5.7640903245648225
0.25819515526825737,0.3538995499872268,0.3663769860659998,0.021528308678516118,4.471535505064491
0.07417849985652351,0.10146376371993075,0.08850363282605761,0.7358541035974883,4.635779548651759
0.013326738791279956,0.18095052136502174,0.6978373951379885,0.10788534470570973,4.701164087888278
0.21967058670880113,0.011078959595110956,0.26199274281072576,0.5072577108853621,4.4623749933119585
0.3865200885946784,0.3998462738784002,0.045482283786654525,0.1681513537402668,4.923195877002059
0.30423550335150346,0.15070577728004977,0.06999825226278043,0.4750604671056663,4.367014338629173
0.09730515690350838,0.36405918755115835,0.4551563489267955,0.08347930661853782,4.392130769708175
0.055087563292794274,0.029845832366694015,0.3245717034254952,0.5904949009150164,4.302158958702432
0.031247784794975995,0.8740335179834597,0.027410627184595342,0.06730807003696897,6.015482906223373
0.24308552513566087,0.3583507128922596,0.3327372042430299,0.06582655772904973,3.9389611218589895
0.31625866032847916,0.07343900509803934,0.34209653026010534,0.26820580431337615,4.056138068234137
0.1370297584435305,0.3246396918265757,0.10514240842515689,0.433188141304737,4.12406988846695
0.13377968795554615,0.35923846503231616,0.4344770773370462,0.07250476967509148,4.714327421219632
0.6979827845823534,0.042521540474821096,0.09972668056765088,0.15976899437517456,4.386029126137853
0.1943886907994215,0.43280516523749896,0.22097061644781557,0.15183552751526405,4.430925975265543
0.07623970414451957,0.17452623680709853,0.5077887053799,0.24144535366848208,4.31003197939366
0.021653783436528965,0.3876281930364717,0.03616102631498563,0.5545569972120137,4.841606988098757
0.3386776544523309,0.07233234180852863,0.09287376951169468,0.49611623422744566,4.215640069377867
0.41777124149534606,0.4204036249973601,0.027823658994299564,0.13400147451299424,4.703838383840626
0.2902890869844207,0.15104629129221817,0.11575123458732331,0.44291338713603784,3.98645425697742
0.5360505074605598,0.17631550063069334,0.0856845025152734,0.20194948939347343,4.082946341841815
0.374208583573483,0.45167967269142034,0.027538140494510515,0.14657360324058616,4.335485830568199
0.21769662461787773,0.602215793692322,0.12832035157487992,0.051767230114920286,4.68995468463031
0.4074051854827779,0.05343289504868896,0.007619388207848371,0.5315425312606848,4.377970145711941
0.011339684542910051,0.3615949633548054,0.015503196415175209,0.6115621556871095,4.500742960087316
0.2005068350086178,0.4599496779470718,0.05653557398409601,0.2830079130602145,4.591821030922093
0.11852412244009446,0.10634805127337618,0.47598915204456804,0.2991386742419613,4.434559458238946
0.5232395829997212,0.21806241344376018,0.18431366497175763,0.074384338584761,4.246638263218331
0.39038434558394774,0.21659656668604854,0.20046594482311444,0.19255314290688916,3.8177654795900478
0.10448562273577444,0.7180664180828017,0.1535365376294238,0.023911421552000097,5.419671659321078
0.3785378198546153,0.492007917722124,0.08006357539983087,0.04939068702342972,4.26352489245977
0.44362451652184415,0.4263055048540541,0.10286731596666038,0.0272026626574414,4.441471461302163
0.5754606881443328,0.13983477922898183,0.04520727397154124,0.23949725865514424,3.890280059729151
0.2531227708381779,0.5731024087378895,0.14952673643455133,0.024248083989381396,4.784255253820613
0.3487703796513041,0.3532483833585258,0.2534115520211842,0.04456968496898574,4.528848506513298
0.22110506398324348,0.23361542578041328,0.12266099054752014,0.4226185196888232,4.358633516425255
0.10352439656649746,0.1174628637711091,0.740296184079379,0.03871655558301459,4.896386405091781
0.009826416052901887,0.45774295149107597,0.09694757499954927,0.4354830574564727,4.749953797599835
0.39707776848741505,0.20860271927830132,0.22143224603339237,0.17288726620089126,4.456205727065256
0.36796237144314153,0.2130887188917106,0.2231531022673075,0.19579580739784042,4.0761111462133455
0.5604962294828559,0.12316296562597802,0.11739619497106062,0.19894460992010543,4.49321432082057
0.4549149874580615,0.17729723330501462,0.13225821512948477,0.23552956410743925,4.125559827504986
0.11193935882454768,0.17430777543628329,0.6304097681571391,0.08334309758202997,4.7039465926808655
0.017767683047138105,0.29098876062826684,0.013015087316516618,0.6782284690080783,4.993861510418007
0.21063369511851213,0.5072152691395987,0.008621091352282489,0.27352994438960665,4.50645477842956
0.08642252853802807,0.542326158310195,0.35257222735301175,0.018679085798765236,4.566749387531029
0.2059647881507966,0.20155521157980366,0.007177943525852964,0.5853020567435469,4.573360238315365
0.394800959766708,0.2604334367983454,0.32694100411019283,0.01782459932475374,4.20705274289363
0.10228831699122129,0.3230576145097124,0.22531961128603428,0.3493344572130322,4.247357419664235
0.1279171389949215,0.5263633125290149,0.2292412131907869,0.11647833528527671,4.469606992707093
0.2477675190344476,0.23985499503528815,0.3277680236690474,0.18460946226121688,4.097303297819904
0.09504046504672715,0.18627493601634504,0.5599353448187492,0.15874925411817867,5.644301321839091
0.3793640864322776,0.2849992796860392,0.17552104194795037,0.1601155919337329,4.284012966328131
0.2494467470252678,0.1230590236510331,0.5883190010351697,0.03917522828852934,4.318731066848229
0.5718538089453284,0.11843126501414285,0.28063950667722876,0.029075419363299753,4.341737735320418
0.1466383217398587,0.3986081134116623,0.3505197028133251,0.10423386203515402,4.468433481498373
0.2537831565825278,0.3946468665465715,0.2808712765036532,0.07069870036724765,4.545281060517562
0.4589561167126531,0.09312069786583857,0.11752777328046936,0.3303954121410389,4.182839817032106
0.4360559658230968,0.03927611448750739,0.19962340298207115,0.3250445167073246,4.06295801342289
0.38897100654998523,0.1845986874835315,0.045827885511035484,0.3806024204554479,3.682172242626011
0.19828945563183778,0.49195461490104403,0.04494688579178015,0.2648090436753382,4.270666639382202
0.0031677171320287044,0.7159516056561535,0.09073274550469553,0.19014793170712235,5.541334298150401
0.2559850850393837,0.4940331567641811,0.1754457313230961,0.07453602687333917,4.627746209344126
0.290567786392456,0.17292536482376594,0.05077935596350829,0.4857274928202696,4.414353836386926
0.11361939483899273,0.08634821597221752,0.3619733748126622,0.4380590143761276,4.276114239856062
0.05435714138806412,0.609908599641076,0.27507927072744515,0.0606549882434147,4.943988116036174
0.0810953256134741,0.24491816222330848,0.3679128207414403,0.306073691421777,4.293747530251697
0.502419908454074,0.19661686207079876,0.24714480964132432,0.053818419833802894,4.269433476502174
0.571668128169743,0.011320831779521399,0.4004874763633768,0.016523563687358817,4.3049023576807235
0.8109550772712708,0.09813185985438025,0.07190244147535077,0.01901062139899823,5.283239097286553
0.3598836494393392,0.3232232156855247,0.26682713944709546,0.050065995428040584,4.511260531282356
0.0018395251125449279,0.4329968431691683,0.27677786322166037,0.28838576849662645,4.6843370783764735
0.1254792573581466,0.20966937640330863,0.4747706540761035,0.19008071216244113,4.427621039913358
0.3918198021254386,0.2901336578849765,0.1164202686870651,0.2016262713025198,4.109187258446658
0.08823680718493587,0.1757746957370018,0.13467594053546345,0.601312556542599,4.094719058438969
0.037764478941056334,0.43347288068177653,0.003700603910602079,0.525062036466565,4.521755586719539
0.019782962060218505,0.24471415490060774,0.25765921016591115,0.4778436728732626,4.201855406378057
0.23345213743889545,0.5426846184779357,0.11760979692620029,0.10625344715696838,4.430201829862145
0.1619336944773905,0.3220393151675324,0.3813913855411995,0.13463560481387749,4.462139347251874
0.49340798951858555,0.26579663613530297,0.051315228958138386,0.18948014538797303,3.891909897183252
0.16763344542830733,0.5931914392433428,0.10223012004713453,0.13694499528121518,4.68999370153639
0.005647526653403661,0.349537652226184,0.4876131570960594,0.157201664024353,4.637101932782625
0.7672128570060072,0.040982390552470604,0.05225017869821056,0.13955457374331162,4.439344989236577
0.0632186218653071,0.4199903789459589,0.1938420494645184,0.32294894972421556,4.52120528687915
0.03490016263138088,0.5952577663147053,0.01178538240969903,0.3580566886442148,4.8798931014225335
0.006550806155653744,0.40055798477093857,0.2810032235178487,0.3118879855555589,4.504027464388363
0.27495010713703355,0.3049604515847653,0.02846292602870894,0.39162651524949227,4.193750972590977
0.24767256484678907,0.4821648287568969,0.002201686038455554,0.26796092035785835,4.950471359854643
0.2329972810522783,0.32544208717375916,0.06589924430382796,0.3756613874701346,4.445747200416037
0.2696397315837901,0.07960809775076286,0.09534394358548484,0.5554082270799621,4.300015717383038
0.34276261080463694,0.15904876383856656,0.3100838818928152,0.1881047434639813,4.382754903875596
0.10692548371387178,0.12322059452751409,0.21504560172737558,0.5548083200312384,4.46442103187382
0.1503945644310977,0.5866611335100875,0.11620311232153842,0.14674118973727646,4.673589454979075
0.3260795654451232,0.036625394575881744,0.01885738221416629,0.6184376577648287,3.969691331295724
0.02236734418052858,0.2065893888021714,0.4416354354437262,0.32940783157357384,4.221520685987581
0.8515375105040359,0.0638719660837104,0.08350807204308551,0.001082451369168252,5.067983952022312
0.0996569778105898,0.30025537808515235,0.19005606970232508,0.41003157440193283,4.30628209577894
0.30969432066511476,0.12632396487524164,0.43882502430042597,0.12515669015921765,4.337196351704103
0.38329465410613356,0.2903570695314463,0.1155400387827122,0.21080823757970796,4.004276896844198
0.03907376822010625,0.0823238547728643,0.6857323985079257,0.19286997849910378,4.9699244263131295
0.05678264609875817,0.45726218865208434,0.15929228397245165,0.32666288127670573,4.507891199919769
0.2681124266018343,0.20509796634158683,0.13025848947155033,0.39653111758502857,4.020773251535786
0.2397123180276991,0.5022912400415799,0.13770427735501017,0.12029216457571087,4.648211715865558
0.02268878403570461,0.26048509266421016,0.4070533461483506,0.3097727771517347,5.026422996520457
0.059891835973225956,0.02506977441743452,0.2484842830014988,0.6665541066078406,4.5387527944301205
0.22085145342824802,0.2555229645027622,0.09872012284434842,0.42490545922464135,4.462625944095921
0.5152507743777704,0.08471370322853757,0.0603924184805512,0.33964310391314073,4.355048502802922
0.4862543981432457,0.31062190077887,0.1373403648402351,0.06578333623764904,4.388290200877857
0.3751542409032271,0.1532161886854828,0.11107540679529002,0.36055416361600007,4.394339614376167
0.1911769732870381,0.5390351605019895,0.1846111201818664,0.08517674602910605,4.881877930070075
0.230371738106275,0.281192402062978,0.24749091974466983,0.24094494008607711,4.09843732858715
0.3471535971663215,0.005740858061970098,0.24414434288992443,0.402961201881784,4.007757366370488
0.19367664770350804,0.15808197594335333,0.21210773487586232,0.4361336414772763,4.066635531991626
0.29472187111945725,0.16555487926176454,0.44382542565462274,0.09589782396415546,4.110920219313933
0.6297092786278571,0.1815299818560788,0.15500717535078878,0.03375356416527519,4.192272449827204
0.12930539696522614,0.29646336231081494,0.4968544432046037,0.07737679751935522,4.543600635983754
0.2684722975762544,0.1419878818292392,0.4766195002163106,0.11292032037819583,4.308940737569299
0.0014291711512664114,0.37633231170803,0.13424477914860986,0.4879937379920938,4.697351060003794
0.22556594637933092,0.3121180252319107,0.29931093800752717,0.16300509038123115,4.3590388529452335
0.17516034135922198,0.06677765301717681,0.6912486644874103,0.06681334113619095,4.552829105824225
0.1869646073561734,0.09978562901587369,0.5464295195176557,0.16682024411029722,4.5389937385900625
0.2609523774694883,0.25855464302047376,0.17683174787913863,0.3036612316308993,4.300237610864098
0.04431748673823663,0.08448751972016012,0.7216465641223344,0.1495484294192689,4.613775809598254
0.5159974302678279,0.11395076264040147,0.05884904907054001,0.31120275802123054,4.030711514530439
0.06813928088969891,0.09134942783158229,0.5894559971485964,0.2510552941301223,4.336284366550919
0.052952622094110585,0.4503838967672835,0.31768784801028505,0.17897563312832088,4.404088094457727
0.15663314191483424,0.3382434673231532,0.12026514561183185,0.3848582451501807,4.137158489258187
0.23804715993328937,0.012234848419560549,0.21498140995059292,0.5347365816965572,5.292308390772626
0.046337870019702826,0.7618775094900735,0.17011221580230276,0.02167240468792098,5.5744907648273525
0.03812329984268816,0.7298497330399225,0.1313111439783352,0.10071582313905408,5.3097226629575545
0.23495634024456363,0.05290419984027919,0.45445957386318064,0.25767988605197656,4.019415928050402
0.7017268034526821,0.1589840551100605,0.13382947564982778,0.005459665787429744,4.341958462041484
0.2218410459765942,0.22966849439515866,0.5046373078173859,0.04385315181086125,4.591336563318995
0.31566099104883255,0.17981006299320954,0.41325082183951684,0.09127812411844109,4.468903871715923
0.2119414500073124,0.07145773803229902,0.5711535124197112,0.14544729954067728,4.318634479488582
0.23792472746700327,0.026280821229158816,0.4844559101709501,0.25133854113288784,4.0635608107493075
0.5658519330191146,0.15742948915295737,0.2590563160761443,0.017662261751783623,4.627181183824488
0.5510168134086104,0.07687620262235054,0.2928255631143057,0.07928142085473334,4.063878061862636
0.5131539624157143,0.0030222639907836676,0.32646646063220713,0.15735731296129488,4.086872031073523
0.30156174796033175,0.2976859460422584,0.1481850389211861,0.2525672670762236,4.204176834140141
0.17329408954893893,0.10496759695672395,0.6468829055298437,0.07485540796449351,4.553875146524843
0.13885555027666735,0.11025249518301032,0.6479661347688427,0.10292581977147945,4.606836311259858
0.15201379176365068,0.3162345626177632,0.4376521111417924,0.09409953447679355,4.4170284217498095
0.0465370218412609,0.2071853025807332,0.49617270525039725,0.25010497032760853,4.318581291349796
0.16386384270927162,0.07695638744149982,0.10289565267441175,0.6562841171748167,4.637524928028982
0.27595592994607504,0.35483796711413584,0.14822436561015076,0.22098173732963847,4.228171792331947
0.46356960491158594,0.20030111512672938,0.2606350490388482,0.07549423092283633,4.074376425786943
0.5307313021738986,0.41812805916984486,0.00819282160809023,0.042947817048166456,4.412543273669115
0.13602593674919933,0.009871582841728448,0.5978988241900565,0.2562036562190157,4.362277526163953
0.05175004999788901,0.2785538605161792,0.626128134291122,0.04356795519480976,4.792740935551918
0.057931366022128936,0.014740964530253607,0.11624848563652383,0.8110791838110938,4.930052475353875
0.12920104057133458,0.005321019846144106,0.5027528841363302,0.3627250554461911,4.560579568422767
0.02301483311161537,0.442920149078135,0.27685368020376977,0.2572113376064797,4.495463272185955
0.3325528680541033,0.4566765265679562,0.16623947494409874,0.044531130433841826,4.863775257560811
0.04115885362612904,0.23842509661486835,0.5182669075701377,0.20214914218886487,4.549997044628705
0.5039366917164337,0.14727332788841765,0.33099856659856797,0.01779141379658055,4.413428190084484
0.244496530106031,0.13647612991867067,0.21298097951159495,0.4060463604637035,4.021823559055199
0.26556515581093804,0.17426863979810914,0.47163456657400893,0.08853163781694388,4.361703543773638
0.15247551789121735,0.22193887723770173,0.5754719258607623,0.050113679010318775,4.394219575636578
0.3468723698633909,0.2357038116588042,0.0179425647275864,0.3994812537502185,4.142889162361464
0.057078748115482934,0.5791256787290586,0.3536801573378025,0.010115415817655845,4.878849700101269
0.19831699187661794,0.1347897018381024,0.21953568305857069,0.447357623226709,4.222611619102437
0.2350265544771807,0.47557559811105604,0.021324260950416177,0.2680735864613471,4.452530182925894
0.09690890955832995,0.047264510763862164,0.41242286145743684,0.44340371822037117,4.485559471575599
0.47193676899383047,0.44565838804136054,0.08204690026604738,0.00035794269876149906,4.714707352590592
0.07354565483694638,0.12629574080693318,0.25947248887246044,0.54068611548366,4.3639348471398565
0.5305806556065388,0.18210702294392261,0.07490768625999408,0.2124046351895446,4.296796035949045
0.14161683621321358,0.2643386777275296,0.1915587199095749,0.4024857661496819,4.403019132225485
0.1643515046609736,0.5447431069510476,0.26311965971892237,0.027785728669056587,4.716649910132616
0.08651629010936034,0.09975575914466109,0.7669323142933944,0.046795636452584284,4.786336269330922
0.09487378955172254,0.5552277758908608,0.2811045719792404,0.06879386257817637,4.524440794711154
0.17099010948785828,0.35455180553440996,0.23763724787611906,0.2368208371016127,4.324142876974732
0.22816989740747837,0.28355419507865,0.4109317415407222,0.0773441659731496,4.118168924424609
0.14150698200684658,0.702044582806309,0.022753199191573956,0.13369523599527056,5.240834710439707
0.0318147512215415,0.24063019967373334,0.6588178413075576,0.06873720779716762,4.774926819147588
0.04786740161298511,0.24597384841314993,0.39311947401590125,0.31303927595796377,4.661066277016554
0.10211754325913729,0.04249323886472734,0.1676743157023245,0.6877149021738109,4.709164413429939
0.45938896877568025,0.08919696537920603,0.4278209224483503,0.023593143396763452,4.503667602499072
0.030850092497811902,0.07647833087911315,0.12638608502722173,0.7662854915958532,4.906245914539768
0.09435293828184525,0.04790643021100374,0.22997173730015164,0.6277688942069994,4.423728013792958
0.09214430253902985,0.2332102300357763,0.3816154816569722,0.2930299857682216,4.11071441639476
0.19537889963701718,0.13172215268550455,0.20584479481888168,0.4670541528585965,4.299806694886154
0.12710428863470583,0.17708321299529867,0.5962909116820565,0.09952158668793899,4.8335381623198455
0.24121222212451038,0.2776613634654796,0.4505704443485321,0.03055597006147789,4.825793646862369
0.5676244392401991,0.06739383312586242,0.013723595680936576,0.35125813195300193,4.251486226336461
0.12376623026212746,0.17040522798210175,0.5963901545419479,0.10943838721382299,4.544509534002074
0.27978923668597344,0.27737227854795937,0.0829910083934112,0.35984747637265607,3.7537046529903795
0.7077372567719978,0.14668008551155776,0.08916900653921961,0.05641365117722492,4.153723909000025
0.03019458981731066,0.1451452580788873,0.17559637784311918,0.6490637742606828,5.61008437055917
0.16075846656378548,0.38373666217340296,0.34983740948619363,0.10566746177661786,4.4471888927609164
0.039663080491713874,0.7185637525386152,0.19234235258167448,0.04943081438799668,5.108152596392807
0.21425967422848416,0.1627495607670232,0.5822486567065642,0.04074210829792851,4.656080260657289
0.10435848743992326,0.7468419668138032,0.09232052949247972,0.05647901625379381,5.5650880216507845
0.5234476184731094,0.2168683098734984,0.22392532732961065,0.03575874432378148,4.35814027841734
0.1226591680440018,0.0008769907722878572,0.8034812023946677,0.0729826387890427,4.708154212837865
0.10183930701670417,0.49740382427389557,0.25415630142688567,0.14660056728251464,4.672229701735662
0.09794326961185587,0.40117523378122655,0.15385665295037698,0.3470248436565405,4.391863743650034
0.0171410514231085,0.16507409562347794,0.47979713551821074,0.33798771743520273,4.663149505962729
0.2807622914505779,0.41238487424438086,0.055081938113900206,0.2517708961911409,4.480228418823981
0.02124905187309874,0.6478862866862893,0.07962355761207995,0.25124110382853193,5.083627053747736
0.004213368543185367,0.06734857034210232,0.41927291783262294,0.5091651432820894,4.472432103018251
0.033361726824478424,0.10238010145468023,0.47044449003567324,0.3938136816851681,4.510038932587527
0.2353328505717943,0.4996003886034217,0.18601289631384615,0.07905386451093797,4.61098087973736
0.047315195961675896,0.04563480732437912,0.552902359939107,0.35414763677483796,4.6208147128199855
0.17943731047992162,0.07184686991561393,0.6584766295507182,0.09023919005374616,4.723037067118022
0.9077098474941842,0.00645496200443958,0.06652612262972381,0.019309067871652562,5.178124784339587
0.07963055808540492,0.3892192381621364,0.5045400418158692,0.026610161936589403,4.609019708828068
0.13578749120823166,0.19271566351859706,0.4109221756946221,0.26057466957854913,4.6134295147593525
0.615998856516318,0.144161506812511,0.04332166854383508,0.19651796812733577,4.377052963438172
0.29843775913898396,0.17743094210821794,0.28854244256935213,0.23558885618344608,4.3267420323604515
0.162112585226629,0.17409503013241767,0.37609204261008417,0.2877003420308691,4.354226882956449
0.009758107220384128,0.2682186638516401,0.7096069307103279,0.012416298217648034,4.997091528857548
0.0011895490725608927,0.05878283627067479,0.7837280384608706,0.15629957619589369,4.9866019538727215
0.47981644968929843,0.21492615084159145,0.17595018051414774,0.12930721895496244,4.327852336624457
0.7311770192148656,0.00305321923825131,0.19659434789811886,0.0691754136487644,5.173789871296542
0.3328948618768417,0.1830243101582015,0.06654524178182389,0.417535586183133,4.07289753800451
0.09505722766537598,0.12546220985643655,0.5407137335793677,0.23876682889881964,4.247488607193635
0.06818705070094204,0.2810985486073955,0.26122261939438807,0.3894917812972744,4.521110073227313
0.4019105203809772,0.16870692035267443,0.055309082008574414,0.37407347725777385,4.308320541449082
0.24745852491758843,0.47388894878550547,0.11642663197212663,0.16222589432477946,4.3201358282791515
0.2640795666353303,0.22504733232029317,0.21223893929726784,0.2986341617471089,4.288995192347708
0.10087151133626587,0.17719510270445923,0.564489376401194,0.15744400955808088,4.411259379273782
0.48803764117176734,0.27479481885452167,0.2029674488179529,0.03420009115575815,4.427855288664588
0.225031240211105,0.5711045585596248,0.11105262160457334,0.09281157962469685,4.703079787467154
0.06200366895274773,0.2840513885138714,0.4201000888042796,0.2338448537291011,4.474576138129327
0.28275262744148744,0.018579422382193445,0.40421606188479414,0.29445188829152497,4.253846092197895
0.41864402106478704,0.18952118213669708,0.2340098711661317,0.15782492563238407,4.216671439436539
0.08097715200818328,0.1907758758419222,0.48585479367247786,0.24239217847741673,4.433489324695506
0.6790492366295148,0.03142490862950883,0.12990593492884256,0.15961991981213394,4.113854066907979
0.17606448211552694,0.5055536766059079,0.03276844429688688,0.28561339698167815,4.643332776845237
0.059135118960440124,0.17487032252348703,0.1204857990306109,0.645508759485462,4.72386587755288
0.25311970131961287,0.12478715071245153,0.03343843923057663,0.5886547087373588,4.297073334567687
0.3965972927460248,0.038114247212294054,0.5640901553853831,0.0011983046562981186,4.622233959148764
0.22348404912349498,0.6237499130183426,0.04347083743086131,0.10929520042730115,4.847657582084415
0.1442642771649124,0.06267675815306964,0.43627536402436196,0.356783600657656,4.210401966215097
0.11440588608119698,0.15903219608943545,0.3396097178394086,0.386952199989959,4.483341096668235
0.5211357221555187,0.026064470113030664,0.028466443442797612,0.424333364288653,4.136977690901688
0.04530646817855822,0.2835920393548379,0.6523603116432429,0.018741180823361115,5.01178947562222
0.006214607632862338,0.10734014078087215,0.22306923617212715,0.6633760154141384,4.449649174324821
0.2566759335005465,0.41065813141855173,0.0728824090200816,0.2597835260608202,4.359586572970737
0.18032145431854865,0.6645174011231767,0.02332285624122481,0.13183828831704972,4.900428879790694
0.19514725695182705,0.07996481156601812,0.29729756442327504,0.42759036705887965,4.448461634245614
0.12442963626171753,0.5010501298672057,0.009025027994485348,0.3654952058765915,4.786965766880264
0.8245917186018717,0.12891875596343372,0.015478261336940734,0.031011264097753784,4.890411591837396
0.4711432955105672,0.2836856848861284,0.23052588662801007,0.014645132975294252,4.963626764674821
0.07826721292337012,0.007125149812603326,0.24505271695940012,0.6695549203046264,4.605886880905488
0.1304851386485299,0.5267172247483111,0.0838121127825519,0.25898552382060713,4.711528558393642
0.06929925762182722,0.4250057573734026,0.42593778778104646,0.07975719722372372,4.459964785419942
0.1529511520832428,0.18330345565181788,0.3283595571347549,0.33538583513018433,4.481180440862369
0.10248926037487008,0.7631952865139151,0.117536953023553,0.01677850008766162,5.682493375852096
0.08207582045594854,0.21898473067683863,0.5925022350988218,0.10643721376839096,4.691690004085891
0.4806998227415014,0.04756124134612153,0.06938831403410907,0.4023506218782679,4.409556892459198
0.06811909687731155,0.30438230305730635,0.5556376511261416,0.07186094893924035,4.659260206079976
0.27540509533235547,0.45492231452696785,0.2403773118685995,0.029295278272077147,4.409822319479173
0.25681660840269355,0.22603871677303533,0.39843201607748474,0.11871265874678649,4.427348512676687
0.4564905174406913,0.1499239340372437,0.3286096954306968,0.06497585309136823,4.11865720695152
0.003286374665625807,0.26010664687775037,0.0874571663140653,0.6491498121425585,4.59873140290371
0.214392280523944,0.5812781295665368,0.03622581366666622,0.16810377624285303,4.557440322456369
0.2951626289178599,0.6172063838208905,0.03662614268807314,0.05100484457317631,4.600712161981329
0.03936830043877117,0.18003061471931905,0.015561937484892341,0.7650391473570174,4.539014989249019
0.0005094860115857792,0.18614680261641078,0.7956919690737269,0.017651742298276756,5.20441145517877
0.325513149883257,0.26225205091198284,0.24214603712097768,0.1700887620837824,4.474780433425578
0.3746180927804541,0.2667619350783093,0.014784499827420404,0.3438354723138162,3.690407888420446
0.1380177762805235,0.05623528023421543,0.196226073640294,0.6095208698449669,4.387991485337228
0.7104830250842951,0.10810445705075998,0.15767243873939896,0.023740079125546126,4.542028618684384
0.12725753747024005,0.13674678188449024,0.634629546298316,0.10136613434695384,4.984919050759846
0.0646748817425853,0.3153850630107177,0.35740312430874915,0.26253693093794783,4.633087638828693
0.031183136775664616,0.14261132181381983,0.33428628137590866,0.4919192600346069,4.647670333869007
0.03437115648135268,0.010931417420080533,0.72314465463557,0.2315527714629967,4.863938030435046
0.28395040739687183,0.6026445227828857,0.03353262340239874,0.07987244641784373,4.677644965070462
0.008311021300024526,0.8654272455228542,0.037677650458411704,0.08858408271870948,6.08419440994547
0.09621845107512572,0.6915655218177997,0.12914568925685488,0.08307033785021968,5.100633861602556
0.18113727713697675,0.1394777899565563,0.6026797800533913,0.07670515285307569,4.764152607238677
0.034504263808661825,0.005045220599513883,0.9535001300871306,0.0069503855046935846,5.651071266124757
0.1542234582909076,0.3845157638957071,0.2917151725509965,0.16954560526238882,4.0519035198926945
0.3301917400036285,0.26968386667736793,0.3550184844817217,0.04510590883728184,3.975098799376343
0.14177778050498255,0.5145510396690114,0.05023516744140535,0.2934360123846009,4.427060633710626
0.3791181221901864,0.37160249793046407,0.16666301881905823,0.08261636106029127,5.043438666972482
0.39025146080838063,0.15407222643539295,0.4391033175356332,0.016572995220593086,4.339845220158751
0.8274550012941114,0.06196565053193359,0.07551061340687079,0.03506873476708408,5.939982683474252
0.09241774588093125,0.5678038746914095,0.15153021147808116,0.18824816794957824,4.802767079605112
0.18075899240477614,0.7415088706400974,0.004312742298872352,0.07341939465625401,5.476940306163917
0.8113205391934298,0.12756160169742736,0.01687848159321362,0.04423937751592933,4.8337755925777435
0.2776021683617018,0.24624436034193598,0.05077909906557557,0.4253743722307866,4.4849507031016875
0.21395303515495145,0.22875332102196227,0.21456432560388786,0.3427293182191985,4.2632032387368755
0.02938571165195323,0.30730787109746804,0.5128012387459217,0.15050517850465708,4.271954986696874
0.20242801857565243,0.2126270074185722,0.3175993051122044,0.26734566889357075,4.22617166186341
0.0026907201252941502,0.6156447498258832,0.004365955276811718,0.377298574772011,5.020405884724253
0.40257450728047334,0.13509925745907952,0.14782694799373097,0.31449928726671633,4.18891418970914
0.1817501249777332,0.570427163908437,0.22678337363122003,0.021039337482609742,5.100461890321105
0.46667171683497116,0.24073983990618728,0.26602932032684506,0.026559122931996457,4.472360740126939
0.02971728960773462,0.9496859178051369,0.006887490527006238,0.013709302060122143,6.697408031310992
0.33426791642196146,0.26207495917214546,0.14897337838408264,0.25468374602181043,4.453067588839189
0.3628394748916476,0.0644804577677689,0.01755906962134879,0.5551209977192347,4.275416983809428
0.2528406857932368,0.15569179764188862,0.4974476048198692,0.09401991174500544,4.400126364381867
0.2151706613670997,0.06748158576481969,0.10822411591768334,0.6091236369503974,4.418025641505632
0.28118665731520964,0.4471749151901291,0.24360318922502983,0.02803523826963145,4.599185005626417
0.7830207703760491,0.005184954118727103,0.1878842769408556,0.023909998564368283,5.001272361944664
0.44837484672856975,0.19819290955562585,0.2819242199018927,0.07150802381391178,4.404078751151891
0.051610058522914164,0.7928528085667778,0.04376442834430686,0.11177270456600118,5.600928125577999
0.21100367199874798,0.17513174892668554,0.43176869816057445,0.1820958809139921,4.443158478686117
0.4259459243591658,0.08762533710893,0.21871411351349349,0.2677146250184108,4.129618764682358
0.018196855906187564,0.01465733083114633,0.923608320513868,0.0435374927487981,5.728846999950724
0.05406617692683577,0.3204053340369102,0.540482230113656,0.08504625892259794,4.359943572521435
0.052791853336196605,0.06377933353444186,0.45906971730532176,0.42435909582403974,4.227404573820565
